-------------------------------
minimax(5) vs minimax_alpha_beta(5)
-------------------------------
49.35            9.67
69.60            7.53
74.08            10.98
45.75            10.85
27.03            4.94
5.16             1.90
105.56           12.36
99.67            8.02
39.05            7.07
80.61            13.53
98.58            8.39
49.19            11.80
22.89            4.98
10.31            4.73
22.93            6.45
15.04            5.23
17.57            5.30
19.28            5.88
19.98            6.07
5.91             2.00
1.61             0.77
2.38             1.09
10.21            1.65
9.55             3.80
19.87            6.80
4.34             1.42
2.22             1.44
3.82             1.52
0.75             0.43
0.72             0.34
12.93            2.87
7.71             1.90
20.99            2.03
22.32            2.05
21.38            4.20
15.07            2.06
28.03            3.21
22.25            2.03
1.92             0.50
8.70             2.38
13.60            2.01
8.88             1.44
6.37             1.65
5.46             1.84
8.02             1.38
6.02             1.12
1.95             0.76
0.02             0.02